0 0 1.000000000000000000e+00 -2.449293598294706414e-16
0 0 9.839295885986296675e-01 -1.785568947986369004e-01
0 0 9.362348706397370934e-01 -3.513748240813429069e-01
0 0 8.584487936018659893e-01 -5.128992774059063509e-01
0 0 7.530714660036108565e-01 -6.579387259397128096e-01
0 0 6.234898018587333723e-01 -7.818314824680299147e-01
0 0 4.738686624729985253e-01 -8.805955318567381118e-01
0 0 3.090169943749472292e-01 -9.510565162951536422e-01
0 0 1.342332658176552673e-01 -9.909497617679348114e-01
0 0 -4.486483035051510443e-02 -9.989930665413145894e-01
0 0 -2.225209339563145872e-01 -9.749279121818235083e-01
0 0 -3.930250316539237732e-01 -9.195277725514505729e-01
0 0 -5.508969814521026409e-01 -8.345732537213025326e-01
0 0 -6.910626489868647582e-01 -7.227948638273913318e-01
0 0 -8.090169943749474513e-01 -5.877852522924730261e-01
0 0 -9.009688679024191460e-01 -4.338837391175580094e-01
0 0 -9.639628606958533519e-01 -2.660368455666750065e-01
0 0 -9.959742939952390683e-01 -8.963930890343337066e-02
0 0 -9.959742939952390683e-01 8.963930890343362046e-02
0 0 -9.639628606958532409e-01 2.660368455666752285e-01
0 0 -9.009688679024190350e-01 4.338837391175582314e-01
0 0 -8.090169943749473402e-01 5.877852522924732481e-01
0 0 -6.910626489868645361e-01 7.227948638273915538e-01
0 0 -5.508969814521024189e-01 8.345732537213027546e-01
0 0 -3.930250316539235511e-01 9.195277725514506839e-01
0 0 -2.225209339563143374e-01 9.749279121818236193e-01
0 0 -4.486483035051486157e-02 9.989930665413147004e-01
0 0 1.342332658176555171e-01 9.909497617679347004e-01
0 0 3.090169943749474513e-01 9.510565162951535312e-01
0 0 4.738686624729986918e-01 8.805955318567380008e-01
0 0 6.234898018587335944e-01 7.818314824680296926e-01
0 0 7.530714660036109676e-01 6.579387259397125876e-01
0 0 8.584487936018661003e-01 5.128992774059061288e-01
0 0 9.362348706397372045e-01 3.513748240813426849e-01
0 0 9.839295885986296675e-01 1.785568947986366506e-01
0 0 1.000000000000000000e+00 0.000000000000000000e+00
